29
65
51
51
93
23
4
95
89
75
63
47
100
40
88
19
92
59
39
100
60
5
90
80
95
62
10
5
26
45
16
63
69
87
74
8
70
51
28
35
77
28
11
14
75
67
54
16
86
7
70
47
13
70
81
87
65
30
80
41
33
51
40
59
14
37
73
42
34
97
0
88
41
50
28
29
89
70
15
25
43
54
43
53
26
23
0
83
36
75
86
2
84
42
52
96
31
67
28
75
28
37
30
3
0
3
47
85
66
51
63
92
29
80
69
58
86
34
16
53
85
24
42
39
19
46
25
44
22
36
12
77
45
23
61
42
45
3
80
1
84
74
45
38
51
56
28
22
53
62
94
8
81
10
5
20
94
67
80
64
20
16
17
87
50
20
70
40
50
70
0
31
71
2
50
28
80
53
45
25
70
61
25
0
35
32
75
73
21
28
80
78
64
29
40
51
2
59
24
32
57
89
9
97
59
26
10
91
52
11
11
60
26
80
67
63
41
85
69
21
6
40
86
48
0
7
65
19
31
28
77
15
0
49
45
38
28
12
93
99
13
97
15
75
72
35
90
12
20
46
24
42
54
34
57
43
85
81
39
59
60
23
54
61
86
68
33
28
17
9
62
36
46
76
79
37
47
59
67
40
9
51
26
79
64
2
21
63
10
82
56
25
52
11
19
24
50
75
30
36
